d=1+2;

B=2:36; % 122dd